paleti@paletil:~/OS_LAB/MIDSEM$ gcc RadixSort.c 
paleti@paletil:~/OS_LAB/MIDSEM$ ./a.out
Enter the size of the list : 
100
PASS 1 : 
100 30 80 10 50 0 40 10 50 10 30 50 91 21 51 81 51 1 71 51 72 22 52 52 92 12 62 92 92 92 42 2 63 73 63 63 63 93 43 13 94 74 64 14 44 74 14 74 44 54 74 75 45 15 5 55 35 36 66 96 96 66 26 6 6 26 16 86 97 27 47 27 77 7 87 77 47 47 87 47 7 88 28 38 48 68 48 58 98 98 28 99 99 19 19 59 39 69 99 19 

PASS 2 : 

100 0 1 2 5 6 6 7 7 10 10 10 12 13 14 14 15 16 19 19 19 21 22 26 26 27 27 28 28 30 30 35 36 38 39 40 42 43 44 44 45 47 47 47 47 48 48 50 50 50 51 51 51 52 52 54 55 58 59 62 63 63 63 63 64 66 66 68 69 71 72 73 74 74 74 74 75 77 77 80 81 86 87 87 88 91 92 92 92 92 93 94 96 96 97 98 98 99 99 99 

PASS 3 : 

0 1 2 5 6 6 7 7 10 10 10 12 13 14 14 15 16 19 19 19 21 22 26 26 27 27 28 28 30 30 35 36 38 39 40 42 43 44 44 45 47 47 47 47 48 48 50 50 50 51 51 51 52 52 54 55 58 59 62 63 63 63 63 64 66 66 68 69 71 72 73 74 74 74 74 75 77 77 80 81 86 87 87 88 91 92 92 92 92 93 94 96 96 97 98 98 99 99 99 100 

Sorted list : 

0 1 2 5 6 6 7 7 10 10 10 12 13 14 14 15 16 19 19 19 21 22 26 26 27 27 28 28 30 30 35 36 38 39 40 42 43 44 44 45 47 47 47 47 48 48 50 50 50 51 51 51 52 52 54 55 58 59 62 63 63 63 63 64 66 66 68 69 71 72 73 74 74 74 74 75 77 77 80 81 86 87 87 88 91 92 92 92 92 93 94 96 96 97 98 98 99 99 99 100 
Execution time:  0.002326




paleti@paletil:~/OS_LAB/MIDSEM$ ./a.out
Enter the size of the list : 
1000
PASS 1 : 
510 720 990 430 880 620 990 820 270 850 530 900 380 230 760 990 330 490 150 150 890 220 660 500 30 280 190 840 650 490 230 590 790 900 940 380 520 460 400 730 920 250 20 380 370 220 310 1000 180 710 660 960 750 820 570 200 120 890 870 770 30 190 860 70 150 700 150 850 380 990 820 550 300 680 790 30 580 380 580 350 830 100 470 150 320 240 380 700 800 630 130 870 50 540 430 640 900 980 230 380 250 400 290 71 311 871 311 391 721 681 41 61 121 431 301 991 51 751 171 111 491 321 261 241 241 711 971 371 551 131 781 61 971 641 701 671 161 481 561 441 281 571 371 501 961 411 321 991 1 801 331 671 61 581 991 531 871 501 801 41 951 871 111 131 41 251 841 911 381 371 291 1 571 761 141 741 31 721 721 71 271 241 541 381 261 421 501 631 891 81 521 591 872 212 822 622 452 532 112 422 752 462 132 92 332 542 562 72 192 402 282 562 412 272 482 122 462 112 632 752 52 752 12 142 22 952 222 722 872 132 32 652 262 282 192 902 612 992 262 342 252 492 332 942 822 902 752 262 532 672 992 272 722 572 112 912 622 612 152 82 992 142 962 42 522 552 362 382 212 562 682 372 682 592 942 622 222 442 782 362 382 222 252 832 162 942 762 312 93 763 373 563 643 423 313 813 573 603 243 483 733 63 483 163 723 283 533 13 863 633 963 863 393 883 793 703 513 683 513 83 73 363 953 603 613 373 823 53 973 263 593 273 183 483 253 403 613 843 863 713 643 203 23 3 793 363 473 143 303 973 503 683 323 353 313 213 773 113 123 413 503 333 463 623 703 563 443 313 493 853 813 93 423 613 573 213 743 73 673 93 313 243 473 443 393 513 733 753 334 884 994 914 934 884 424 474 494 104 934 224 274 644 134 504 564 644 124 354 854 694 394 334 584 634 674 574 4 214 154 504 524 404 154 504 654 124 914 614 14 14 334 34 784 204 864 734 594 734 244 314 764 514 64 884 644 504 624 444 484 134 864 904 624 714 564 684 874 924 424 574 964 284 184 654 854 584 534 154 974 444 594 984 914 64 174 924 154 424 14 474 114 524 754 464 144 64 164 284 84 734 804 154 605 525 5 975 245 565 955 585 985 555 385 965 325 485 835 145 65 555 215 335 985 535 105 695 385 765 945 355 15 545 165 235 415 145 205 625 215 125 935 85 325 195 565 775 335 115 535 875 995 125 485 495 815 595 125 465 775 615 95 775 295 945 205 805 195 135 425 695 355 345 805 335 415 515 515 285 995 945 555 95 45 295 585 625 75 665 525 745 745 225 375 555 115 985 995 765 495 945 685 315 215 215 95 835 405 995 685 906 996 586 836 556 426 326 956 366 856 136 816 416 636 516 476 296 396 696 406 766 686 366 666 26 426 736 466 816 6 376 586 26 256 416 596 396 16 166 166 486 686 426 636 806 486 486 196 6 416 326 76 746 656 656 966 56 316 596 106 586 126 726 656 686 126 976 996 706 306 846 136 856 356 116 966 326 676 266 26 666 736 846 156 966 236 786 986 66 716 796 26 496 656 596 536 586 856 756 686 706 326 686 666 386 516 986 736 106 437 387 607 967 487 257 567 767 197 147 97 167 697 127 907 877 47 7 997 927 887 827 337 197 127 647 897 377 67 537 537 157 57 567 977 487 197 847 417 437 157 557 657 277 67 977 507 397 77 787 717 927 677 357 297 927 87 507 67 317 797 987 547 647 57 467 317 717 987 817 537 657 907 727 117 547 747 367 407 537 67 107 377 607 477 127 707 557 487 197 567 137 347 987 417 17 927 117 147 758 928 118 668 948 918 988 668 368 148 228 638 268 818 908 128 8 238 558 928 868 938 778 248 38 478 68 748 878 648 288 568 538 628 858 458 8 918 578 138 58 28 768 518 788 308 448 878 98 588 838 808 328 58 868 408 948 178 598 138 788 368 488 48 68 548 428 318 688 708 258 398 528 498 528 218 288 828 368 278 208 868 548 518 198 108 298 628 868 58 388 158 568 568 458 458 868 848 88 569 499 589 999 399 919 879 259 519 519 709 139 399 59 49 469 289 949 899 689 249 359 119 779 239 729 839 219 879 819 989 569 419 649 589 29 349 659 319 219 109 139 369 239 299 609 279 79 999 129 559 999 509 499 989 469 889 179 739 889 299 229 29 29 19 849 29 209 129 479 199 149 219 979 529 469 699 509 689 239 499 969 99 169 269 659 599 559 559 29 569 999 269 89 
PASS 2 : 
900 500 900 400 1000 200 700 300 100 700 800 900 400 301 701 501 1 801 501 801 1 501 402 902 902 603 703 603 403 203 3 303 503 503 703 104 504 4 504 404 504 204 504 904 804 605 5 105 205 205 805 805 405 906 406 6 806 6 106 706 306 706 106 607 907 7 507 507 907 407 107 607 707 908 8 8 308 808 408 708 208 108 709 109 609 509 209 509 510 310 710 311 311 111 711 411 111 911 212 112 412 112 12 612 112 912 612 212 312 313 813 13 513 513 613 613 713 313 213 113 413 313 813 613 213 313 513 914 214 914 614 14 14 314 514 714 914 14 114 215 15 415 215 115 815 615 415 515 515 115 315 215 215 816 416 516 816 416 16 416 316 116 716 516 417 717 317 317 717 817 117 417 17 117 118 918 818 918 518 318 218 518 919 519 519 119 219 819 419 319 219 19 219 720 620 820 220 520 920 20 220 820 120 820 320 721 121 321 321 721 721 421 521 822 622 422 122 22 222 722 822 722 622 522 622 222 222 423 723 823 23 323 123 623 423 424 224 124 524 124 624 624 924 424 924 424 524 525 325 625 125 325 125 125 425 625 525 225 426 326 26 426 26 426 326 126 726 126 326 26 26 326 127 927 827 127 927 927 727 127 927 928 228 128 928 628 28 328 428 528 528 828 628 729 29 129 229 29 29 29 129 529 29 430 530 230 330 30 230 730 30 30 830 630 130 430 230 431 131 331 531 131 31 631 532 132 332 632 132 32 332 532 832 733 533 633 333 733 334 934 934 134 334 634 334 34 734 734 134 534 734 835 335 535 235 935 335 535 135 335 835 836 136 636 736 636 136 736 236 536 736 437 337 537 537 437 537 537 137 638 238 938 38 538 138 838 138 139 239 839 139 239 739 239 840 940 240 540 640 41 241 241 641 441 41 41 841 141 741 241 541 542 142 342 942 142 42 942 442 942 643 243 843 643 143 443 743 243 443 644 644 244 644 444 444 144 245 145 945 545 145 945 345 945 45 745 745 945 746 846 846 147 47 647 847 547 647 547 747 347 147 948 148 248 748 648 448 948 48 548 548 848 49 949 249 649 349 849 149 850 150 150 650 250 750 150 150 850 550 350 150 50 250 51 751 551 951 251 452 752 752 52 752 952 652 252 752 152 552 252 953 53 253 353 853 753 354 854 154 154 654 654 854 154 154 754 154 955 555 555 355 355 555 555 556 956 856 256 656 656 56 656 856 356 156 656 856 756 257 157 57 157 557 657 357 57 657 557 758 558 858 458 58 58 258 58 158 458 458 259 59 359 659 559 659 559 559 760 660 460 660 960 860 61 261 61 161 561 961 61 761 261 462 562 562 462 262 262 262 962 362 562 362 162 762 763 563 63 163 863 963 863 363 263 863 363 463 563 564 864 764 64 864 564 964 64 464 64 164 565 965 65 765 165 565 465 665 765 366 766 366 666 466 166 166 966 966 266 666 966 66 666 967 567 767 167 67 567 67 67 467 367 67 567 668 668 368 268 868 68 568 768 868 368 68 368 868 868 568 568 868 569 469 569 369 469 469 969 169 269 569 269 270 370 570 870 770 70 470 870 71 871 171 971 371 971 671 571 371 671 871 871 371 571 71 271 872 72 272 872 672 272 572 372 373 573 73 373 973 273 473 973 773 573 73 673 473 474 274 674 574 874 574 974 174 474 975 775 875 775 775 75 375 476 376 76 976 676 877 377 977 277 977 77 677 377 477 778 478 878 578 878 178 278 879 779 879 279 79 179 479 979 880 380 280 380 380 180 380 680 580 380 580 380 980 380 681 781 481 281 581 381 381 81 282 482 282 82 382 682 682 782 382 483 483 283 883 683 83 183 483 683 884 884 584 784 884 484 684 284 184 584 984 284 84 585 985 385 485 985 385 85 485 285 585 985 685 685 586 686 586 486 686 486 486 586 686 786 986 586 686 686 386 986 387 487 887 487 787 87 987 987 487 987 988 288 788 588 788 488 688 288 388 88 589 289 689 989 589 989 889 889 689 89 990 990 990 490 890 190 490 590 790 890 190 990 790 290 391 991 491 991 991 291 891 591 92 192 192 992 492 992 992 592 93 393 793 593 793 493 93 93 393 994 494 694 394 594 594 695 195 995 495 595 95 295 195 695 995 95 295 995 495 95 995 996 296 396 696 596 396 196 596 996 796 496 596 197 97 697 997 197 897 197 397 297 797 197 98 598 398 498 198 298 499 999 399 399 899 299 999 999 499 299 199 699 499 99 599 999 

PASS 3 : 

1000 1 1 3 4 5 6 6 7 8 8 12 13 14 14 14 15 16 17 19 20 22 23 26 26 26 26 28 29 29 29 29 29 30 30 30 31 32 34 38 41 41 41 42 45 47 48 49 50 51 52 53 56 57 57 58 58 58 59 61 61 61 63 64 64 64 65 66 67 67 67 67 68 68 70 71 71 72 73 73 75 76 77 79 81 82 83 84 85 87 88 89 92 93 93 93 95 95 95 97 98 99 100 104 105 106 106 107 108 109 111 111 112 112 112 113 114 115 115 116 117 117 118 119 120 121 122 123 124 124 125 125 125 126 126 127 127 127 128 129 129 130 131 131 132 132 134 134 135 136 136 137 138 138 139 139 141 142 142 143 144 145 145 147 147 148 149 150 150 150 150 150 152 154 154 154 154 154 156 157 157 158 161 162 163 164 165 166 166 167 169 171 174 178 179 180 183 184 190 190 192 192 195 195 196 197 197 197 197 198 199 200 203 204 205 205 208 209 212 212 213 213 214 215 215 215 215 218 219 219 219 220 220 222 222 222 224 225 228 229 230 230 230 235 236 238 239 239 239 240 241 241 241 243 243 244 245 248 249 250 250 251 252 252 253 256 257 258 259 261 261 262 262 262 263 266 268 269 269 270 271 272 272 273 274 277 278 279 280 281 282 282 283 284 284 285 288 288 289 290 291 295 295 296 297 298 299 299 300 301 303 306 308 310 311 311 312 313 313 313 313 314 315 316 317 317 318 319 320 321 321 323 325 325 326 326 326 326 328 330 331 332 332 333 334 334 334 335 335 335 337 342 345 347 349 350 353 354 355 355 356 357 359 362 362 363 363 366 366 367 368 368 368 369 370 371 371 371 372 373 373 375 376 377 377 380 380 380 380 380 380 380 381 381 382 382 385 385 386 387 388 391 393 393 394 396 396 397 398 399 399 400 400 402 403 404 405 406 407 408 411 412 413 415 415 416 416 416 417 417 419 421 422 423 423 424 424 424 425 426 426 426 428 430 430 431 437 437 441 442 443 443 444 444 448 452 458 458 458 460 462 462 463 464 465 466 467 469 469 469 470 473 473 474 474 476 477 478 479 481 482 483 483 483 484 485 485 486 486 486 487 487 487 488 490 490 491 492 493 494 495 495 496 498 499 499 499 500 501 501 501 503 503 504 504 504 504 507 507 509 509 510 513 513 513 514 515 515 516 516 518 518 519 519 520 521 522 524 524 525 525 528 528 529 530 531 532 532 533 534 535 535 536 537 537 537 537 538 540 541 542 545 547 547 548 548 550 551 552 555 555 555 555 556 557 557 558 559 559 559 561 562 562 562 563 563 564 564 565 565 567 567 567 568 568 568 569 569 569 570 571 571 572 573 573 574 574 578 580 580 581 584 584 585 585 586 586 586 586 588 589 589 590 591 592 593 594 594 595 596 596 596 598 599 603 603 605 607 607 609 612 612 613 613 613 614 615 620 622 622 622 623 624 624 625 625 628 628 630 631 632 633 634 636 636 638 640 641 643 643 644 644 644 647 647 648 649 650 652 654 654 656 656 656 656 657 657 659 659 660 660 665 666 666 666 668 668 671 671 672 673 674 676 677 680 681 682 682 683 683 684 685 685 686 686 686 686 686 688 689 689 694 695 695 696 697 699 700 700 701 703 703 706 706 707 708 709 710 711 713 714 716 717 717 720 721 721 721 722 722 723 726 727 729 730 733 733 734 734 734 736 736 736 739 741 743 745 745 746 747 748 750 751 752 752 752 752 753 754 756 758 760 761 762 763 764 765 765 766 767 768 770 773 775 775 775 778 779 781 782 784 786 787 788 788 790 790 793 793 796 797 800 801 801 804 805 805 806 808 813 813 815 816 816 817 818 819 820 820 820 822 822 823 827 828 830 832 835 835 836 838 839 840 841 843 846 846 847 848 849 850 850 853 854 854 856 856 856 858 860 863 863 863 864 864 868 868 868 868 868 870 870 871 871 871 872 872 874 875 877 878 878 879 879 880 883 884 884 884 887 889 889 890 890 891 897 899 900 900 900 902 902 904 906 907 907 908 911 912 914 914 914 918 918 919 920 924 924 927 927 927 927 928 928 934 934 935 938 940 942 942 942 945 945 945 945 948 948 949 951 952 953 955 956 960 961 962 963 964 965 966 966 966 967 969 971 971 973 973 974 975 976 977 977 979 980 984 985 985 985 986 986 987 987 987 988 989 989 990 990 990 990 991 991 991 992 992 992 994 995 995 995 995 996 996 997 999 999 999 999 

PASS 4 : 

1 1 3 4 5 6 6 7 8 8 12 13 14 14 14 15 16 17 19 20 22 23 26 26 26 26 28 29 29 29 29 29 30 30 30 31 32 34 38 41 41 41 42 45 47 48 49 50 51 52 53 56 57 57 58 58 58 59 61 61 61 63 64 64 64 65 66 67 67 67 67 68 68 70 71 71 72 73 73 75 76 77 79 81 82 83 84 85 87 88 89 92 93 93 93 95 95 95 97 98 99 100 104 105 106 106 107 108 109 111 111 112 112 112 113 114 115 115 116 117 117 118 119 120 121 122 123 124 124 125 125 125 126 126 127 127 127 128 129 129 130 131 131 132 132 134 134 135 136 136 137 138 138 139 139 141 142 142 143 144 145 145 147 147 148 149 150 150 150 150 150 152 154 154 154 154 154 156 157 157 158 161 162 163 164 165 166 166 167 169 171 174 178 179 180 183 184 190 190 192 192 195 195 196 197 197 197 197 198 199 200 203 204 205 205 208 209 212 212 213 213 214 215 215 215 215 218 219 219 219 220 220 222 222 222 224 225 228 229 230 230 230 235 236 238 239 239 239 240 241 241 241 243 243 244 245 248 249 250 250 251 252 252 253 256 257 258 259 261 261 262 262 262 263 266 268 269 269 270 271 272 272 273 274 277 278 279 280 281 282 282 283 284 284 285 288 288 289 290 291 295 295 296 297 298 299 299 300 301 303 306 308 310 311 311 312 313 313 313 313 314 315 316 317 317 318 319 320 321 321 323 325 325 326 326 326 326 328 330 331 332 332 333 334 334 334 335 335 335 337 342 345 347 349 350 353 354 355 355 356 357 359 362 362 363 363 366 366 367 368 368 368 369 370 371 371 371 372 373 373 375 376 377 377 380 380 380 380 380 380 380 381 381 382 382 385 385 386 387 388 391 393 393 394 396 396 397 398 399 399 400 400 402 403 404 405 406 407 408 411 412 413 415 415 416 416 416 417 417 419 421 422 423 423 424 424 424 425 426 426 426 428 430 430 431 437 437 441 442 443 443 444 444 448 452 458 458 458 460 462 462 463 464 465 466 467 469 469 469 470 473 473 474 474 476 477 478 479 481 482 483 483 483 484 485 485 486 486 486 487 487 487 488 490 490 491 492 493 494 495 495 496 498 499 499 499 500 501 501 501 503 503 504 504 504 504 507 507 509 509 510 513 513 513 514 515 515 516 516 518 518 519 519 520 521 522 524 524 525 525 528 528 529 530 531 532 532 533 534 535 535 536 537 537 537 537 538 540 541 542 545 547 547 548 548 550 551 552 555 555 555 555 556 557 557 558 559 559 559 561 562 562 562 563 563 564 564 565 565 567 567 567 568 568 568 569 569 569 570 571 571 572 573 573 574 574 578 580 580 581 584 584 585 585 586 586 586 586 588 589 589 590 591 592 593 594 594 595 596 596 596 598 599 603 603 605 607 607 609 612 612 613 613 613 614 615 620 622 622 622 623 624 624 625 625 628 628 630 631 632 633 634 636 636 638 640 641 643 643 644 644 644 647 647 648 649 650 652 654 654 656 656 656 656 657 657 659 659 660 660 665 666 666 666 668 668 671 671 672 673 674 676 677 680 681 682 682 683 683 684 685 685 686 686 686 686 686 688 689 689 694 695 695 696 697 699 700 700 701 703 703 706 706 707 708 709 710 711 713 714 716 717 717 720 721 721 721 722 722 723 726 727 729 730 733 733 734 734 734 736 736 736 739 741 743 745 745 746 747 748 750 751 752 752 752 752 753 754 756 758 760 761 762 763 764 765 765 766 767 768 770 773 775 775 775 778 779 781 782 784 786 787 788 788 790 790 793 793 796 797 800 801 801 804 805 805 806 808 813 813 815 816 816 817 818 819 820 820 820 822 822 823 827 828 830 832 835 835 836 838 839 840 841 843 846 846 847 848 849 850 850 853 854 854 856 856 856 858 860 863 863 863 864 864 868 868 868 868 868 870 870 871 871 871 872 872 874 875 877 878 878 879 879 880 883 884 884 884 887 889 889 890 890 891 897 899 900 900 900 902 902 904 906 907 907 908 911 912 914 914 914 918 918 919 920 924 924 927 927 927 927 928 928 934 934 935 938 940 942 942 942 945 945 945 945 948 948 949 951 952 953 955 956 960 961 962 963 964 965 966 966 966 967 969 971 971 973 973 974 975 976 977 977 979 980 984 985 985 985 986 986 987 987 987 988 989 989 990 990 990 990 991 991 991 992 992 992 994 995 995 995 995 996 996 997 999 999 999 999 1000 

Sorted list : 

1 1 3 4 5 6 6 7 8 8 12 13 14 14 14 15 16 17 19 20 22 23 26 26 26 26 28 29 29 29 29 29 30 30 30 31 32 34 38 41 41 41 42 45 47 48 49 50 51 52 53 56 57 57 58 58 58 59 61 61 61 63 64 64 64 65 66 67 67 67 67 68 68 70 71 71 72 73 73 75 76 77 79 81 82 83 84 85 87 88 89 92 93 93 93 95 95 95 97 98 99 100 104 105 106 106 107 108 109 111 111 112 112 112 113 114 115 115 116 117 117 118 119 120 121 122 123 124 124 125 125 125 126 126 127 127 127 128 129 129 130 131 131 132 132 134 134 135 136 136 137 138 138 139 139 141 142 142 143 144 145 145 147 147 148 149 150 150 150 150 150 152 154 154 154 154 154 156 157 157 158 161 162 163 164 165 166 166 167 169 171 174 178 179 180 183 184 190 190 192 192 195 195 196 197 197 197 197 198 199 200 203 204 205 205 208 209 212 212 213 213 214 215 215 215 215 218 219 219 219 220 220 222 222 222 224 225 228 229 230 230 230 235 236 238 239 239 239 240 241 241 241 243 243 244 245 248 249 250 250 251 252 252 253 256 257 258 259 261 261 262 262 262 263 266 268 269 269 270 271 272 272 273 274 277 278 279 280 281 282 282 283 284 284 285 288 288 289 290 291 295 295 296 297 298 299 299 300 301 303 306 308 310 311 311 312 313 313 313 313 314 315 316 317 317 318 319 320 321 321 323 325 325 326 326 326 326 328 330 331 332 332 333 334 334 334 335 335 335 337 342 345 347 349 350 353 354 355 355 356 357 359 362 362 363 363 366 366 367 368 368 368 369 370 371 371 371 372 373 373 375 376 377 377 380 380 380 380 380 380 380 381 381 382 382 385 385 386 387 388 391 393 393 394 396 396 397 398 399 399 400 400 402 403 404 405 406 407 408 411 412 413 415 415 416 416 416 417 417 419 421 422 423 423 424 424 424 425 426 426 426 428 430 430 431 437 437 441 442 443 443 444 444 448 452 458 458 458 460 462 462 463 464 465 466 467 469 469 469 470 473 473 474 474 476 477 478 479 481 482 483 483 483 484 485 485 486 486 486 487 487 487 488 490 490 491 492 493 494 495 495 496 498 499 499 499 500 501 501 501 503 503 504 504 504 504 507 507 509 509 510 513 513 513 514 515 515 516 516 518 518 519 519 520 521 522 524 524 525 525 528 528 529 530 531 532 532 533 534 535 535 536 537 537 537 537 538 540 541 542 545 547 547 548 548 550 551 552 555 555 555 555 556 557 557 558 559 559 559 561 562 562 562 563 563 564 564 565 565 567 567 567 568 568 568 569 569 569 570 571 571 572 573 573 574 574 578 580 580 581 584 584 585 585 586 586 586 586 588 589 589 590 591 592 593 594 594 595 596 596 596 598 599 603 603 605 607 607 609 612 612 613 613 613 614 615 620 622 622 622 623 624 624 625 625 628 628 630 631 632 633 634 636 636 638 640 641 643 643 644 644 644 647 647 648 649 650 652 654 654 656 656 656 656 657 657 659 659 660 660 665 666 666 666 668 668 671 671 672 673 674 676 677 680 681 682 682 683 683 684 685 685 686 686 686 686 686 688 689 689 694 695 695 696 697 699 700 700 701 703 703 706 706 707 708 709 710 711 713 714 716 717 717 720 721 721 721 722 722 723 726 727 729 730 733 733 734 734 734 736 736 736 739 741 743 745 745 746 747 748 750 751 752 752 752 752 753 754 756 758 760 761 762 763 764 765 765 766 767 768 770 773 775 775 775 778 779 781 782 784 786 787 788 788 790 790 793 793 796 797 800 801 801 804 805 805 806 808 813 813 815 816 816 817 818 819 820 820 820 822 822 823 827 828 830 832 835 835 836 838 839 840 841 843 846 846 847 848 849 850 850 853 854 854 856 856 856 858 860 863 863 863 864 864 868 868 868 868 868 870 870 871 871 871 872 872 874 875 877 878 878 879 879 880 883 884 884 884 887 889 889 890 890 891 897 899 900 900 900 902 902 904 906 907 907 908 911 912 914 914 914 918 918 919 920 924 924 927 927 927 927 928 928 934 934 935 938 940 942 942 942 945 945 945 945 948 948 949 951 952 953 955 956 960 961 962 963 964 965 966 966 966 967 969 971 971 973 973 974 975 976 977 977 979 980 984 985 985 985 986 986 987 987 987 988 989 989 990 990 990 990 991 991 991 992 992 992 994 995 995 995 995 996 996 997 999 999 999 999 1000 
Execution time:  0.021634
