paleti@paletil:~/OS_LAB/MIDSEM$ make Insertion_Bubble
cc     Insertion_Bubble.c   -o Insertion_Bubble
paleti@paletil:~/OS_LAB/MIDSEM$ ./Insertion_Bubble
Enter the size of the list : 
100

Array: 63 16 67 60 27 13 63 34 39 71 32 96 12 30 94 75 91 51 7 59 66 53 31 17 41 37 27 98 86 59 22 48 74 40 7 53 52 21 86 42 91 17 38 2 98 83 28 88 33 87 46 51 39 28 67 79 16 93 28 1 51 50 48 24 89 7 76 93 27 13 86 70 29 75 71 79 58 51 18 90 37 64 40 27 43 58 57 59 50 85 11 100 86 59 76 26 17 3 70 43
--------------------------------------


1 2 3 7 7 7 11 12 13 13 16 16 17 17 17 18 21 22 24 26 27 27 27 27 28 28 28 29 30 31 32 33 34 37 37 38 39 39 40 40 41 42 43 43 46 48 48 50 50 51 51 51 51 52 53 53 57 58 58 59 59 59 59 60 63 63 64 66 67 67 70 70 71 71 74 75 75 76 76 79 79 83 85 86 86 86 86 87 88 89 90 91 91 93 93 94 96 98 98 100 
--------------------------------------


 16 63 60 27 13 63 34 39 67 32 71 12 30 94 75 91 51 7 59 66 53 31 17 41 37 27 96 86 59 22 48 74 40 7 53 52 21 86 42 91 17 38 2 98 83 28 88 33 87 46 51 39 28 67 79 16 93 28 1 51 50 48 24 89 7 76 93 27 13 86 70 29 75 71 79 58 51 18 90 37 64 40 27 43 58 57 59 50 85 11 98 86 59 76 26 17 3 70 43 100
 16 60 27 13 63 34 39 63 32 67 12 30 71 75 91 51 7 59 66 53 31 17 41 37 27 94 86 59 22 48 74 40 7 53 52 21 86 42 91 17 38 2 96 83 28 88 33 87 46 51 39 28 67 79 16 93 28 1 51 50 48 24 89 7 76 93 27 13 86 70 29 75 71 79 58 51 18 90 37 64 40 27 43 58 57 59 50 85 11 98 86 59 76 26 17 3 70 43 98 100
 16 27 13 60 34 39 63 32 63 12 30 67 71 75 51 7 59 66 53 31 17 41 37 27 91 86 59 22 48 74 40 7 53 52 21 86 42 91 17 38 2 94 83 28 88 33 87 46 51 39 28 67 79 16 93 28 1 51 50 48 24 89 7 76 93 27 13 86 70 29 75 71 79 58 51 18 90 37 64 40 27 43 58 57 59 50 85 11 96 86 59 76 26 17 3 70 43 98 98 100
 16 13 27 34 39 60 32 63 12 30 63 67 71 51 7 59 66 53 31 17 41 37 27 75 86 59 22 48 74 40 7 53 52 21 86 42 91 17 38 2 91 83 28 88 33 87 46 51 39 28 67 79 16 93 28 1 51 50 48 24 89 7 76 93 27 13 86 70 29 75 71 79 58 51 18 90 37 64 40 27 43 58 57 59 50 85 11 94 86 59 76 26 17 3 70 43 96 98 98 100
 13 16 27 34 39 32 60 12 30 63 63 67 51 7 59 66 53 31 17 41 37 27 71 75 59 22 48 74 40 7 53 52 21 86 42 86 17 38 2 91 83 28 88 33 87 46 51 39 28 67 79 16 91 28 1 51 50 48 24 89 7 76 93 27 13 86 70 29 75 71 79 58 51 18 90 37 64 40 27 43 58 57 59 50 85 11 93 86 59 76 26 17 3 70 43 94 96 98 98 100
 13 16 27 34 32 39 12 30 60 63 63 51 7 59 66 53 31 17 41 37 27 67 71 59 22 48 74 40 7 53 52 21 75 42 86 17 38 2 86 83 28 88 33 87 46 51 39 28 67 79 16 91 28 1 51 50 48 24 89 7 76 91 27 13 86 70 29 75 71 79 58 51 18 90 37 64 40 27 43 58 57 59 50 85 11 93 86 59 76 26 17 3 70 43 93 94 96 98 98 100
 13 16 27 32 34 12 30 39 60 63 51 7 59 63 53 31 17 41 37 27 66 67 59 22 48 71 40 7 53 52 21 74 42 75 17 38 2 86 83 28 86 33 87 46 51 39 28 67 79 16 88 28 1 51 50 48 24 89 7 76 91 27 13 86 70 29 75 71 79 58 51 18 90 37 64 40 27 43 58 57 59 50 85 11 91 86 59 76 26 17 3 70 43 93 93 94 96 98 98 100
 13 16 27 32 12 30 34 39 60 51 7 59 63 53 31 17 41 37 27 63 66 59 22 48 67 40 7 53 52 21 71 42 74 17 38 2 75 83 28 86 33 86 46 51 39 28 67 79 16 87 28 1 51 50 48 24 88 7 76 89 27 13 86 70 29 75 71 79 58 51 18 90 37 64 40 27 43 58 57 59 50 85 11 91 86 59 76 26 17 3 70 43 91 93 93 94 96 98 98 100
 13 16 27 12 30 32 34 39 51 7 59 60 53 31 17 41 37 27 63 63 59 22 48 66 40 7 53 52 21 67 42 71 17 38 2 74 75 28 83 33 86 46 51 39 28 67 79 16 86 28 1 51 50 48 24 87 7 76 88 27 13 86 70 29 75 71 79 58 51 18 89 37 64 40 27 43 58 57 59 50 85 11 90 86 59 76 26 17 3 70 43 91 91 93 93 94 96 98 98 100
 13 16 12 27 30 32 34 39 7 51 59 53 31 17 41 37 27 60 63 59 22 48 63 40 7 53 52 21 66 42 67 17 38 2 71 74 28 75 33 83 46 51 39 28 67 79 16 86 28 1 51 50 48 24 86 7 76 87 27 13 86 70 29 75 71 79 58 51 18 88 37 64 40 27 43 58 57 59 50 85 11 89 86 59 76 26 17 3 70 43 90 91 91 93 93 94 96 98 98 100
 13 12 16 27 30 32 34 7 39 51 53 31 17 41 37 27 59 60 59 22 48 63 40 7 53 52 21 63 42 66 17 38 2 67 71 28 74 33 75 46 51 39 28 67 79 16 83 28 1 51 50 48 24 86 7 76 86 27 13 86 70 29 75 71 79 58 51 18 87 37 64 40 27 43 58 57 59 50 85 11 88 86 59 76 26 17 3 70 43 89 90 91 91 93 93 94 96 98 98 100
 12 13 16 27 30 32 7 34 39 51 31 17 41 37 27 53 59 59 22 48 60 40 7 53 52 21 63 42 63 17 38 2 66 67 28 71 33 74 46 51 39 28 67 75 16 79 28 1 51 50 48 24 83 7 76 86 27 13 86 70 29 75 71 79 58 51 18 86 37 64 40 27 43 58 57 59 50 85 11 87 86 59 76 26 17 3 70 43 88 89 90 91 91 93 93 94 96 98 98 100
 12 13 16 27 30 7 32 34 39 31 17 41 37 27 51 53 59 22 48 59 40 7 53 52 21 60 42 63 17 38 2 63 66 28 67 33 71 46 51 39 28 67 74 16 75 28 1 51 50 48 24 79 7 76 83 27 13 86 70 29 75 71 79 58 51 18 86 37 64 40 27 43 58 57 59 50 85 11 86 86 59 76 26 17 3 70 43 87 88 89 90 91 91 93 93 94 96 98 98 100
 12 13 16 27 7 30 32 34 31 17 39 37 27 41 51 53 22 48 59 40 7 53 52 21 59 42 60 17 38 2 63 63 28 66 33 67 46 51 39 28 67 71 16 74 28 1 51 50 48 24 75 7 76 79 27 13 83 70 29 75 71 79 58 51 18 86 37 64 40 27 43 58 57 59 50 85 11 86 86 59 76 26 17 3 70 43 86 87 88 89 90 91 91 93 93 94 96 98 98 100
 12 13 16 7 27 30 32 31 17 34 37 27 39 41 51 22 48 53 40 7 53 52 21 59 42 59 17 38 2 60 63 28 63 33 66 46 51 39 28 67 67 16 71 28 1 51 50 48 24 74 7 75 76 27 13 79 70 29 75 71 79 58 51 18 83 37 64 40 27 43 58 57 59 50 85 11 86 86 59 76 26 17 3 70 43 86 86 87 88 89 90 91 91 93 93 94 96 98 98 100
 12 13 7 16 27 30 31 17 32 34 27 37 39 41 22 48 51 40 7 53 52 21 53 42 59 17 38 2 59 60 28 63 33 63 46 51 39 28 66 67 16 67 28 1 51 50 48 24 71 7 74 75 27 13 76 70 29 75 71 79 58 51 18 79 37 64 40 27 43 58 57 59 50 83 11 85 86 59 76 26 17 3 70 43 86 86 86 87 88 89 90 91 91 93 93 94 96 98 98 100
 12 7 13 16 27 30 17 31 32 27 34 37 39 22 41 48 40 7 51 52 21 53 42 53 17 38 2 59 59 28 60 33 63 46 51 39 28 63 66 16 67 28 1 51 50 48 24 67 7 71 74 27 13 75 70 29 75 71 76 58 51 18 79 37 64 40 27 43 58 57 59 50 79 11 83 85 59 76 26 17 3 70 43 86 86 86 86 87 88 89 90 91 91 93 93 94 96 98 98 100
 7 12 13 16 27 17 30 31 27 32 34 37 22 39 41 40 7 48 51 21 52 42 53 17 38 2 53 59 28 59 33 60 46 51 39 28 63 63 16 66 28 1 51 50 48 24 67 7 67 71 27 13 74 70 29 75 71 75 58 51 18 76 37 64 40 27 43 58 57 59 50 79 11 79 83 59 76 26 17 3 70 43 85 86 86 86 86 87 88 89 90 91 91 93 93 94 96 98 98 100
 7 12 13 16 17 27 30 27 31 32 34 22 37 39 40 7 41 48 21 51 42 52 17 38 2 53 53 28 59 33 59 46 51 39 28 60 63 16 63 28 1 51 50 48 24 66 7 67 67 27 13 71 70 29 74 71 75 58 51 18 75 37 64 40 27 43 58 57 59 50 76 11 79 79 59 76 26 17 3 70 43 83 85 86 86 86 86 87 88 89 90 91 91 93 93 94 96 98 98 100
 7 12 13 16 17 27 27 30 31 32 22 34 37 39 7 40 41 21 48 42 51 17 38 2 52 53 28 53 33 59 46 51 39 28 59 60 16 63 28 1 51 50 48 24 63 7 66 67 27 13 67 70 29 71 71 74 58 51 18 75 37 64 40 27 43 58 57 59 50 75 11 76 79 59 76 26 17 3 70 43 79 83 85 86 86 86 86 87 88 89 90 91 91 93 93 94 96 98 98 100
 7 12 13 16 17 27 27 30 31 22 32 34 37 7 39 40 21 41 42 48 17 38 2 51 52 28 53 33 53 46 51 39 28 59 59 16 60 28 1 51 50 48 24 63 7 63 66 27 13 67 67 29 70 71 71 58 51 18 74 37 64 40 27 43 58 57 59 50 75 11 75 76 59 76 26 17 3 70 43 79 79 83 85 86 86 86 86 87 88 89 90 91 91 93 93 94 96 98 98 100
 7 12 13 16 17 27 27 30 22 31 32 34 7 37 39 21 40 41 42 17 38 2 48 51 28 52 33 53 46 51 39 28 53 59 16 59 28 1 51 50 48 24 60 7 63 63 27 13 66 67 29 67 70 71 58 51 18 71 37 64 40 27 43 58 57 59 50 74 11 75 75 59 76 26 17 3 70 43 76 79 79 83 85 86 86 86 86 87 88 89 90 91 91 93 93 94 96 98 98 100
 7 12 13 16 17 27 27 22 30 31 32 7 34 37 21 39 40 41 17 38 2 42 48 28 51 33 52 46 51 39 28 53 53 16 59 28 1 51 50 48 24 59 7 60 63 27 13 63 66 29 67 67 70 58 51 18 71 37 64 40 27 43 58 57 59 50 71 11 74 75 59 75 26 17 3 70 43 76 76 79 79 83 85 86 86 86 86 87 88 89 90 91 91 93 93 94 96 98 98 100
 7 12 13 16 17 27 22 27 30 31 7 32 34 21 37 39 40 17 38 2 41 42 28 48 33 51 46 51 39 28 52 53 16 53 28 1 51 50 48 24 59 7 59 60 27 13 63 63 29 66 67 67 58 51 18 70 37 64 40 27 43 58 57 59 50 71 11 71 74 59 75 26 17 3 70 43 75 76 76 79 79 83 85 86 86 86 86 87 88 89 90 91 91 93 93 94 96 98 98 100
 7 12 13 16 17 22 27 27 30 7 31 32 21 34 37 39 17 38 2 40 41 28 42 33 48 46 51 39 28 51 52 16 53 28 1 51 50 48 24 53 7 59 59 27 13 60 63 29 63 66 67 58 51 18 67 37 64 40 27 43 58 57 59 50 70 11 71 71 59 74 26 17 3 70 43 75 75 76 76 79 79 83 85 86 86 86 86 87 88 89 90 91 91 93 93 94 96 98 98 100
 7 12 13 16 17 22 27 27 7 30 31 21 32 34 37 17 38 2 39 40 28 41 33 42 46 48 39 28 51 51 16 52 28 1 51 50 48 24 53 7 53 59 27 13 59 60 29 63 63 66 58 51 18 67 37 64 40 27 43 58 57 59 50 67 11 70 71 59 71 26 17 3 70 43 74 75 75 76 76 79 79 83 85 86 86 86 86 87 88 89 90 91 91 93 93 94 96 98 98 100
 7 12 13 16 17 22 27 7 27 30 21 31 32 34 17 37 2 38 39 28 40 33 41 42 46 39 28 48 51 16 51 28 1 51 50 48 24 52 7 53 53 27 13 59 59 29 60 63 63 58 51 18 66 37 64 40 27 43 58 57 59 50 67 11 67 70 59 71 26 17 3 70 43 71 74 75 75 76 76 79 79 83 85 86 86 86 86 87 88 89 90 91 91 93 93 94 96 98 98 100
 7 12 13 16 17 22 7 27 27 21 30 31 32 17 34 2 37 38 28 39 33 40 41 42 39 28 46 48 16 51 28 1 51 50 48 24 51 7 52 53 27 13 53 59 29 59 60 63 58 51 18 63 37 64 40 27 43 58 57 59 50 66 11 67 67 59 70 26 17 3 70 43 71 71 74 75 75 76 76 79 79 83 85 86 86 86 86 87 88 89 90 91 91 93 93 94 96 98 98 100
 7 12 13 16 17 7 22 27 21 27 30 31 17 32 2 34 37 28 38 33 39 40 41 39 28 42 46 16 48 28 1 51 50 48 24 51 7 51 52 27 13 53 53 29 59 59 60 58 51 18 63 37 63 40 27 43 58 57 59 50 64 11 66 67 59 67 26 17 3 70 43 70 71 71 74 75 75 76 76 79 79 83 85 86 86 86 86 87 88 89 90 91 91 93 93 94 96 98 98 100
 7 12 13 16 7 17 22 21 27 27 30 17 31 2 32 34 28 37 33 38 39 40 39 28 41 42 16 46 28 1 48 50 48 24 51 7 51 51 27 13 52 53 29 53 59 59 58 51 18 60 37 63 40 27 43 58 57 59 50 63 11 64 66 59 67 26 17 3 67 43 70 70 71 71 74 75 75 76 76 79 79 83 85 86 86 86 86 87 88 89 90 91 91 93 93 94 96 98 98 100
 7 12 13 7 16 17 21 22 27 27 17 30 2 31 32 28 34 33 37 38 39 39 28 40 41 16 42 28 1 46 48 48 24 50 7 51 51 27 13 51 52 29 53 53 59 58 51 18 59 37 60 40 27 43 58 57 59 50 63 11 63 64 59 66 26 17 3 67 43 67 70 70 71 71 74 75 75 76 76 79 79 83 85 86 86 86 86 87 88 89 90 91 91 93 93 94 96 98 98 100
 7 12 7 13 16 17 21 22 27 17 27 2 30 31 28 32 33 34 37 38 39 28 39 40 16 41 28 1 42 46 48 24 48 7 50 51 27 13 51 51 29 52 53 53 58 51 18 59 37 59 40 27 43 58 57 59 50 60 11 63 63 59 64 26 17 3 66 43 67 67 70 70 71 71 74 75 75 76 76 79 79 83 85 86 86 86 86 87 88 89 90 91 91 93 93 94 96 98 98 100
 7 7 12 13 16 17 21 22 17 27 2 27 30 28 31 32 33 34 37 38 28 39 39 16 40 28 1 41 42 46 24 48 7 48 50 27 13 51 51 29 51 52 53 53 51 18 58 37 59 40 27 43 58 57 59 50 59 11 60 63 59 63 26 17 3 64 43 66 67 67 70 70 71 71 74 75 75 76 76 79 79 83 85 86 86 86 86 87 88 89 90 91 91 93 93 94 96 98 98 100
 7 7 12 13 16 17 21 17 22 2 27 27 28 30 31 32 33 34 37 28 38 39 16 39 28 1 40 41 42 24 46 7 48 48 27 13 50 51 29 51 51 52 53 51 18 53 37 58 40 27 43 58 57 59 50 59 11 59 60 59 63 26 17 3 63 43 64 66 67 67 70 70 71 71 74 75 75 76 76 79 79 83 85 86 86 86 86 87 88 89 90 91 91 93 93 94 96 98 98 100
 7 7 12 13 16 17 17 21 2 22 27 27 28 30 31 32 33 34 28 37 38 16 39 28 1 39 40 41 24 42 7 46 48 27 13 48 50 29 51 51 51 52 51 18 53 37 53 40 27 43 58 57 58 50 59 11 59 59 59 60 26 17 3 63 43 63 64 66 67 67 70 70 71 71 74 75 75 76 76 79 79 83 85 86 86 86 86 87 88 89 90 91 91 93 93 94 96 98 98 100
 7 7 12 13 16 17 17 2 21 22 27 27 28 30 31 32 33 28 34 37 16 38 28 1 39 39 40 24 41 7 42 46 27 13 48 48 29 50 51 51 51 51 18 52 37 53 40 27 43 53 57 58 50 58 11 59 59 59 59 26 17 3 60 43 63 63 64 66 67 67 70 70 71 71 74 75 75 76 76 79 79 83 85 86 86 86 86 87 88 89 90 91 91 93 93 94 96 98 98 100
 7 7 12 13 16 17 2 17 21 22 27 27 28 30 31 32 28 33 34 16 37 28 1 38 39 39 24 40 7 41 42 27 13 46 48 29 48 50 51 51 51 18 51 37 52 40 27 43 53 53 57 50 58 11 58 59 59 59 26 17 3 59 43 60 63 63 64 66 67 67 70 70 71 71 74 75 75 76 76 79 79 83 85 86 86 86 86 87 88 89 90 91 91 93 93 94 96 98 98 100
 7 7 12 13 16 2 17 17 21 22 27 27 28 30 31 28 32 33 16 34 28 1 37 38 39 24 39 7 40 41 27 13 42 46 29 48 48 50 51 51 18 51 37 51 40 27 43 52 53 53 50 57 11 58 58 59 59 26 17 3 59 43 59 60 63 63 64 66 67 67 70 70 71 71 74 75 75 76 76 79 79 83 85 86 86 86 86 87 88 89 90 91 91 93 93 94 96 98 98 100
 7 7 12 13 2 16 17 17 21 22 27 27 28 30 28 31 32 16 33 28 1 34 37 38 24 39 7 39 40 27 13 41 42 29 46 48 48 50 51 18 51 37 51 40 27 43 51 52 53 50 53 11 57 58 58 59 26 17 3 59 43 59 59 60 63 63 64 66 67 67 70 70 71 71 74 75 75 76 76 79 79 83 85 86 86 86 86 87 88 89 90 91 91 93 93 94 96 98 98 100
 7 7 12 2 13 16 17 17 21 22 27 27 28 28 30 31 16 32 28 1 33 34 37 24 38 7 39 39 27 13 40 41 29 42 46 48 48 50 18 51 37 51 40 27 43 51 51 52 50 53 11 53 57 58 58 26 17 3 59 43 59 59 59 60 63 63 64 66 67 67 70 70 71 71 74 75 75 76 76 79 79 83 85 86 86 86 86 87 88 89 90 91 91 93 93 94 96 98 98 100
 7 7 2 12 13 16 17 17 21 22 27 27 28 28 30 16 31 28 1 32 33 34 24 37 7 38 39 27 13 39 40 29 41 42 46 48 48 18 50 37 51 40 27 43 51 51 51 50 52 11 53 53 57 58 26 17 3 58 43 59 59 59 59 60 63 63 64 66 67 67 70 70 71 71 74 75 75 76 76 79 79 83 85 86 86 86 86 87 88 89 90 91 91 93 93 94 96 98 98 100
 7 2 7 12 13 16 17 17 21 22 27 27 28 28 16 30 28 1 31 32 33 24 34 7 37 38 27 13 39 39 29 40 41 42 46 48 18 48 37 50 40 27 43 51 51 51 50 51 11 52 53 53 57 26 17 3 58 43 58 59 59 59 59 60 63 63 64 66 67 67 70 70 71 71 74 75 75 76 76 79 79 83 85 86 86 86 86 87 88 89 90 91 91 93 93 94 96 98 98 100
 2 7 7 12 13 16 17 17 21 22 27 27 28 16 28 28 1 30 31 32 24 33 7 34 37 27 13 38 39 29 39 40 41 42 46 18 48 37 48 40 27 43 50 51 51 50 51 11 51 52 53 53 26 17 3 57 43 58 58 59 59 59 59 60 63 63 64 66 67 67 70 70 71 71 74 75 75 76 76 79 79 83 85 86 86 86 86 87 88 89 90 91 91 93 93 94 96 98 98 100
 2 7 7 12 13 16 17 17 21 22 27 27 16 28 28 1 28 30 31 24 32 7 33 34 27 13 37 38 29 39 39 40 41 42 18 46 37 48 40 27 43 48 50 51 50 51 11 51 51 52 53 26 17 3 53 43 57 58 58 59 59 59 59 60 63 63 64 66 67 67 70 70 71 71 74 75 75 76 76 79 79 83 85 86 86 86 86 87 88 89 90 91 91 93 93 94 96 98 98 100
 2 7 7 12 13 16 17 17 21 22 27 16 27 28 1 28 28 30 24 31 7 32 33 27 13 34 37 29 38 39 39 40 41 18 42 37 46 40 27 43 48 48 50 50 51 11 51 51 51 52 26 17 3 53 43 53 57 58 58 59 59 59 59 60 63 63 64 66 67 67 70 70 71 71 74 75 75 76 76 79 79 83 85 86 86 86 86 87 88 89 90 91 91 93 93 94 96 98 98 100
 2 7 7 12 13 16 17 17 21 22 16 27 27 1 28 28 28 24 30 7 31 32 27 13 33 34 29 37 38 39 39 40 18 41 37 42 40 27 43 46 48 48 50 50 11 51 51 51 51 26 17 3 52 43 53 53 57 58 58 59 59 59 59 60 63 63 64 66 67 67 70 70 71 71 74 75 75 76 76 79 79 83 85 86 86 86 86 87 88 89 90 91 91 93 93 94 96 98 98 100
 2 7 7 12 13 16 17 17 21 16 22 27 1 27 28 28 24 28 7 30 31 27 13 32 33 29 34 37 38 39 39 18 40 37 41 40 27 42 43 46 48 48 50 11 50 51 51 51 26 17 3 51 43 52 53 53 57 58 58 59 59 59 59 60 63 63 64 66 67 67 70 70 71 71 74 75 75 76 76 79 79 83 85 86 86 86 86 87 88 89 90 91 91 93 93 94 96 98 98 100
 2 7 7 12 13 16 17 17 16 21 22 1 27 27 28 24 28 7 28 30 27 13 31 32 29 33 34 37 38 39 18 39 37 40 40 27 41 42 43 46 48 48 11 50 50 51 51 26 17 3 51 43 51 52 53 53 57 58 58 59 59 59 59 60 63 63 64 66 67 67 70 70 71 71 74 75 75 76 76 79 79 83 85 86 86 86 86 87 88 89 90 91 91 93 93 94 96 98 98 100
 2 7 7 12 13 16 17 16 17 21 1 22 27 27 24 28 7 28 28 27 13 30 31 29 32 33 34 37 38 18 39 37 39 40 27 40 41 42 43 46 48 11 48 50 50 51 26 17 3 51 43 51 51 52 53 53 57 58 58 59 59 59 59 60 63 63 64 66 67 67 70 70 71 71 74 75 75 76 76 79 79 83 85 86 86 86 86 87 88 89 90 91 91 93 93 94 96 98 98 100
 2 7 7 12 13 16 16 17 17 1 21 22 27 24 27 7 28 28 27 13 28 30 29 31 32 33 34 37 18 38 37 39 39 27 40 40 41 42 43 46 11 48 48 50 50 26 17 3 51 43 51 51 51 52 53 53 57 58 58 59 59 59 59 60 63 63 64 66 67 67 70 70 71 71 74 75 75 76 76 79 79 83 85 86 86 86 86 87 88 89 90 91 91 93 93 94 96 98 98 100
 2 7 7 12 13 16 16 17 1 17 21 22 24 27 7 27 28 27 13 28 28 29 30 31 32 33 34 18 37 37 38 39 27 39 40 40 41 42 43 11 46 48 48 50 26 17 3 50 43 51 51 51 51 52 53 53 57 58 58 59 59 59 59 60 63 63 64 66 67 67 70 70 71 71 74 75 75 76 76 79 79 83 85 86 86 86 86 87 88 89 90 91 91 93 93 94 96 98 98 100
 2 7 7 12 13 16 16 1 17 17 21 22 24 7 27 27 27 13 28 28 28 29 30 31 32 33 18 34 37 37 38 27 39 39 40 40 41 42 11 43 46 48 48 26 17 3 50 43 50 51 51 51 51 52 53 53 57 58 58 59 59 59 59 60 63 63 64 66 67 67 70 70 71 71 74 75 75 76 76 79 79 83 85 86 86 86 86 87 88 89 90 91 91 93 93 94 96 98 98 100
 2 7 7 12 13 16 1 16 17 17 21 22 7 24 27 27 13 27 28 28 28 29 30 31 32 18 33 34 37 37 27 38 39 39 40 40 41 11 42 43 46 48 26 17 3 48 43 50 50 51 51 51 51 52 53 53 57 58 58 59 59 59 59 60 63 63 64 66 67 67 70 70 71 71 74 75 75 76 76 79 79 83 85 86 86 86 86 87 88 89 90 91 91 93 93 94 96 98 98 100
 2 7 7 12 13 1 16 16 17 17 21 7 22 24 27 13 27 27 28 28 28 29 30 31 18 32 33 34 37 27 37 38 39 39 40 40 11 41 42 43 46 26 17 3 48 43 48 50 50 51 51 51 51 52 53 53 57 58 58 59 59 59 59 60 63 63 64 66 67 67 70 70 71 71 74 75 75 76 76 79 79 83 85 86 86 86 86 87 88 89 90 91 91 93 93 94 96 98 98 100
 2 7 7 12 1 13 16 16 17 17 7 21 22 24 13 27 27 27 28 28 28 29 30 18 31 32 33 34 27 37 37 38 39 39 40 11 40 41 42 43 26 17 3 46 43 48 48 50 50 51 51 51 51 52 53 53 57 58 58 59 59 59 59 60 63 63 64 66 67 67 70 70 71 71 74 75 75 76 76 79 79 83 85 86 86 86 86 87 88 89 90 91 91 93 93 94 96 98 98 100
 2 7 7 1 12 13 16 16 17 7 17 21 22 13 24 27 27 27 28 28 28 29 18 30 31 32 33 27 34 37 37 38 39 39 11 40 40 41 42 26 17 3 43 43 46 48 48 50 50 51 51 51 51 52 53 53 57 58 58 59 59 59 59 60 63 63 64 66 67 67 70 70 71 71 74 75 75 76 76 79 79 83 85 86 86 86 86 87 88 89 90 91 91 93 93 94 96 98 98 100
 2 7 1 7 12 13 16 16 7 17 17 21 13 22 24 27 27 27 28 28 28 18 29 30 31 32 27 33 34 37 37 38 39 11 39 40 40 41 26 17 3 42 43 43 46 48 48 50 50 51 51 51 51 52 53 53 57 58 58 59 59 59 59 60 63 63 64 66 67 67 70 70 71 71 74 75 75 76 76 79 79 83 85 86 86 86 86 87 88 89 90 91 91 93 93 94 96 98 98 100
 2 1 7 7 12 13 16 7 16 17 17 13 21 22 24 27 27 27 28 28 18 28 29 30 31 27 32 33 34 37 37 38 11 39 39 40 40 26 17 3 41 42 43 43 46 48 48 50 50 51 51 51 51 52 53 53 57 58 58 59 59 59 59 60 63 63 64 66 67 67 70 70 71 71 74 75 75 76 76 79 79 83 85 86 86 86 86 87 88 89 90 91 91 93 93 94 96 98 98 100
 1 2 7 7 12 13 7 16 16 17 13 17 21 22 24 27 27 27 28 18 28 28 29 30 27 31 32 33 34 37 37 11 38 39 39 40 26 17 3 40 41 42 43 43 46 48 48 50 50 51 51 51 51 52 53 53 57 58 58 59 59 59 59 60 63 63 64 66 67 67 70 70 71 71 74 75 75 76 76 79 79 83 85 86 86 86 86 87 88 89 90 91 91 93 93 94 96 98 98 100
 1 2 7 7 12 7 13 16 16 13 17 17 21 22 24 27 27 27 18 28 28 28 29 27 30 31 32 33 34 37 11 37 38 39 39 26 17 3 40 40 41 42 43 43 46 48 48 50 50 51 51 51 51 52 53 53 57 58 58 59 59 59 59 60 63 63 64 66 67 67 70 70 71 71 74 75 75 76 76 79 79 83 85 86 86 86 86 87 88 89 90 91 91 93 93 94 96 98 98 100
 1 2 7 7 7 12 13 16 13 16 17 17 21 22 24 27 27 18 27 28 28 28 27 29 30 31 32 33 34 11 37 37 38 39 26 17 3 39 40 40 41 42 43 43 46 48 48 50 50 51 51 51 51 52 53 53 57 58 58 59 59 59 59 60 63 63 64 66 67 67 70 70 71 71 74 75 75 76 76 79 79 83 85 86 86 86 86 87 88 89 90 91 91 93 93 94 96 98 98 100
 1 2 7 7 7 12 13 13 16 16 17 17 21 22 24 27 18 27 27 28 28 27 28 29 30 31 32 33 11 34 37 37 38 26 17 3 39 39 40 40 41 42 43 43 46 48 48 50 50 51 51 51 51 52 53 53 57 58 58 59 59 59 59 60 63 63 64 66 67 67 70 70 71 71 74 75 75 76 76 79 79 83 85 86 86 86 86 87 88 89 90 91 91 93 93 94 96 98 98 100
 1 2 7 7 7 12 13 13 16 16 17 17 21 22 24 18 27 27 27 28 27 28 28 29 30 31 32 11 33 34 37 37 26 17 3 38 39 39 40 40 41 42 43 43 46 48 48 50 50 51 51 51 51 52 53 53 57 58 58 59 59 59 59 60 63 63 64 66 67 67 70 70 71 71 74 75 75 76 76 79 79 83 85 86 86 86 86 87 88 89 90 91 91 93 93 94 96 98 98 100
 1 2 7 7 7 12 13 13 16 16 17 17 21 22 18 24 27 27 27 27 28 28 28 29 30 31 11 32 33 34 37 26 17 3 37 38 39 39 40 40 41 42 43 43 46 48 48 50 50 51 51 51 51 52 53 53 57 58 58 59 59 59 59 60 63 63 64 66 67 67 70 70 71 71 74 75 75 76 76 79 79 83 85 86 86 86 86 87 88 89 90 91 91 93 93 94 96 98 98 100
 1 2 7 7 7 12 13 13 16 16 17 17 21 18 22 24 27 27 27 27 28 28 28 29 30 11 31 32 33 34 26 17 3 37 37 38 39 39 40 40 41 42 43 43 46 48 48 50 50 51 51 51 51 52 53 53 57 58 58 59 59 59 59 60 63 63 64 66 67 67 70 70 71 71 74 75 75 76 76 79 79 83 85 86 86 86 86 87 88 89 90 91 91 93 93 94 96 98 98 100
 1 2 7 7 7 12 13 13 16 16 17 17 18 21 22 24 27 27 27 27 28 28 28 29 11 30 31 32 33 26 17 3 34 37 37 38 39 39 40 40 41 42 43 43 46 48 48 50 50 51 51 51 51 52 53 53 57 58 58 59 59 59 59 60 63 63 64 66 67 67 70 70 71 71 74 75 75 76 76 79 79 83 85 86 86 86 86 87 88 89 90 91 91 93 93 94 96 98 98 100
 1 2 7 7 7 12 13 13 16 16 17 17 18 21 22 24 27 27 27 27 28 28 28 11 29 30 31 32 26 17 3 33 34 37 37 38 39 39 40 40 41 42 43 43 46 48 48 50 50 51 51 51 51 52 53 53 57 58 58 59 59 59 59 60 63 63 64 66 67 67 70 70 71 71 74 75 75 76 76 79 79 83 85 86 86 86 86 87 88 89 90 91 91 93 93 94 96 98 98 100
 1 2 7 7 7 12 13 13 16 16 17 17 18 21 22 24 27 27 27 27 28 28 11 28 29 30 31 26 17 3 32 33 34 37 37 38 39 39 40 40 41 42 43 43 46 48 48 50 50 51 51 51 51 52 53 53 57 58 58 59 59 59 59 60 63 63 64 66 67 67 70 70 71 71 74 75 75 76 76 79 79 83 85 86 86 86 86 87 88 89 90 91 91 93 93 94 96 98 98 100
 1 2 7 7 7 12 13 13 16 16 17 17 18 21 22 24 27 27 27 27 28 11 28 28 29 30 26 17 3 31 32 33 34 37 37 38 39 39 40 40 41 42 43 43 46 48 48 50 50 51 51 51 51 52 53 53 57 58 58 59 59 59 59 60 63 63 64 66 67 67 70 70 71 71 74 75 75 76 76 79 79 83 85 86 86 86 86 87 88 89 90 91 91 93 93 94 96 98 98 100
 1 2 7 7 7 12 13 13 16 16 17 17 18 21 22 24 27 27 27 27 11 28 28 28 29 26 17 3 30 31 32 33 34 37 37 38 39 39 40 40 41 42 43 43 46 48 48 50 50 51 51 51 51 52 53 53 57 58 58 59 59 59 59 60 63 63 64 66 67 67 70 70 71 71 74 75 75 76 76 79 79 83 85 86 86 86 86 87 88 89 90 91 91 93 93 94 96 98 98 100
 1 2 7 7 7 12 13 13 16 16 17 17 18 21 22 24 27 27 27 11 27 28 28 28 26 17 3 29 30 31 32 33 34 37 37 38 39 39 40 40 41 42 43 43 46 48 48 50 50 51 51 51 51 52 53 53 57 58 58 59 59 59 59 60 63 63 64 66 67 67 70 70 71 71 74 75 75 76 76 79 79 83 85 86 86 86 86 87 88 89 90 91 91 93 93 94 96 98 98 100
 1 2 7 7 7 12 13 13 16 16 17 17 18 21 22 24 27 27 11 27 27 28 28 26 17 3 28 29 30 31 32 33 34 37 37 38 39 39 40 40 41 42 43 43 46 48 48 50 50 51 51 51 51 52 53 53 57 58 58 59 59 59 59 60 63 63 64 66 67 67 70 70 71 71 74 75 75 76 76 79 79 83 85 86 86 86 86 87 88 89 90 91 91 93 93 94 96 98 98 100
 1 2 7 7 7 12 13 13 16 16 17 17 18 21 22 24 27 11 27 27 27 28 26 17 3 28 28 29 30 31 32 33 34 37 37 38 39 39 40 40 41 42 43 43 46 48 48 50 50 51 51 51 51 52 53 53 57 58 58 59 59 59 59 60 63 63 64 66 67 67 70 70 71 71 74 75 75 76 76 79 79 83 85 86 86 86 86 87 88 89 90 91 91 93 93 94 96 98 98 100
 1 2 7 7 7 12 13 13 16 16 17 17 18 21 22 24 11 27 27 27 27 26 17 3 28 28 28 29 30 31 32 33 34 37 37 38 39 39 40 40 41 42 43 43 46 48 48 50 50 51 51 51 51 52 53 53 57 58 58 59 59 59 59 60 63 63 64 66 67 67 70 70 71 71 74 75 75 76 76 79 79 83 85 86 86 86 86 87 88 89 90 91 91 93 93 94 96 98 98 100
 1 2 7 7 7 12 13 13 16 16 17 17 18 21 22 11 24 27 27 27 26 17 3 27 28 28 28 29 30 31 32 33 34 37 37 38 39 39 40 40 41 42 43 43 46 48 48 50 50 51 51 51 51 52 53 53 57 58 58 59 59 59 59 60 63 63 64 66 67 67 70 70 71 71 74 75 75 76 76 79 79 83 85 86 86 86 86 87 88 89 90 91 91 93 93 94 96 98 98 100
 1 2 7 7 7 12 13 13 16 16 17 17 18 21 11 22 24 27 27 26 17 3 27 27 28 28 28 29 30 31 32 33 34 37 37 38 39 39 40 40 41 42 43 43 46 48 48 50 50 51 51 51 51 52 53 53 57 58 58 59 59 59 59 60 63 63 64 66 67 67 70 70 71 71 74 75 75 76 76 79 79 83 85 86 86 86 86 87 88 89 90 91 91 93 93 94 96 98 98 100
 1 2 7 7 7 12 13 13 16 16 17 17 18 11 21 22 24 27 26 17 3 27 27 27 28 28 28 29 30 31 32 33 34 37 37 38 39 39 40 40 41 42 43 43 46 48 48 50 50 51 51 51 51 52 53 53 57 58 58 59 59 59 59 60 63 63 64 66 67 67 70 70 71 71 74 75 75 76 76 79 79 83 85 86 86 86 86 87 88 89 90 91 91 93 93 94 96 98 98 100
 1 2 7 7 7 12 13 13 16 16 17 17 11 18 21 22 24 26 17 3 27 27 27 27 28 28 28 29 30 31 32 33 34 37 37 38 39 39 40 40 41 42 43 43 46 48 48 50 50 51 51 51 51 52 53 53 57 58 58 59 59 59 59 60 63 63 64 66 67 67 70 70 71 71 74 75 75 76 76 79 79 83 85 86 86 86 86 87 88 89 90 91 91 93 93 94 96 98 98 100
 1 2 7 7 7 12 13 13 16 16 17 11 17 18 21 22 24 17 3 26 27 27 27 27 28 28 28 29 30 31 32 33 34 37 37 38 39 39 40 40 41 42 43 43 46 48 48 50 50 51 51 51 51 52 53 53 57 58 58 59 59 59 59 60 63 63 64 66 67 67 70 70 71 71 74 75 75 76 76 79 79 83 85 86 86 86 86 87 88 89 90 91 91 93 93 94 96 98 98 100
 1 2 7 7 7 12 13 13 16 16 11 17 17 18 21 22 17 3 24 26 27 27 27 27 28 28 28 29 30 31 32 33 34 37 37 38 39 39 40 40 41 42 43 43 46 48 48 50 50 51 51 51 51 52 53 53 57 58 58 59 59 59 59 60 63 63 64 66 67 67 70 70 71 71 74 75 75 76 76 79 79 83 85 86 86 86 86 87 88 89 90 91 91 93 93 94 96 98 98 100
 1 2 7 7 7 12 13 13 16 11 16 17 17 18 21 17 3 22 24 26 27 27 27 27 28 28 28 29 30 31 32 33 34 37 37 38 39 39 40 40 41 42 43 43 46 48 48 50 50 51 51 51 51 52 53 53 57 58 58 59 59 59 59 60 63 63 64 66 67 67 70 70 71 71 74 75 75 76 76 79 79 83 85 86 86 86 86 87 88 89 90 91 91 93 93 94 96 98 98 100
 1 2 7 7 7 12 13 13 11 16 16 17 17 18 17 3 21 22 24 26 27 27 27 27 28 28 28 29 30 31 32 33 34 37 37 38 39 39 40 40 41 42 43 43 46 48 48 50 50 51 51 51 51 52 53 53 57 58 58 59 59 59 59 60 63 63 64 66 67 67 70 70 71 71 74 75 75 76 76 79 79 83 85 86 86 86 86 87 88 89 90 91 91 93 93 94 96 98 98 100
 1 2 7 7 7 12 13 11 13 16 16 17 17 17 3 18 21 22 24 26 27 27 27 27 28 28 28 29 30 31 32 33 34 37 37 38 39 39 40 40 41 42 43 43 46 48 48 50 50 51 51 51 51 52 53 53 57 58 58 59 59 59 59 60 63 63 64 66 67 67 70 70 71 71 74 75 75 76 76 79 79 83 85 86 86 86 86 87 88 89 90 91 91 93 93 94 96 98 98 100
 1 2 7 7 7 12 11 13 13 16 16 17 17 3 17 18 21 22 24 26 27 27 27 27 28 28 28 29 30 31 32 33 34 37 37 38 39 39 40 40 41 42 43 43 46 48 48 50 50 51 51 51 51 52 53 53 57 58 58 59 59 59 59 60 63 63 64 66 67 67 70 70 71 71 74 75 75 76 76 79 79 83 85 86 86 86 86 87 88 89 90 91 91 93 93 94 96 98 98 100
 1 2 7 7 7 11 12 13 13 16 16 17 3 17 17 18 21 22 24 26 27 27 27 27 28 28 28 29 30 31 32 33 34 37 37 38 39 39 40 40 41 42 43 43 46 48 48 50 50 51 51 51 51 52 53 53 57 58 58 59 59 59 59 60 63 63 64 66 67 67 70 70 71 71 74 75 75 76 76 79 79 83 85 86 86 86 86 87 88 89 90 91 91 93 93 94 96 98 98 100
 1 2 7 7 7 11 12 13 13 16 16 3 17 17 17 18 21 22 24 26 27 27 27 27 28 28 28 29 30 31 32 33 34 37 37 38 39 39 40 40 41 42 43 43 46 48 48 50 50 51 51 51 51 52 53 53 57 58 58 59 59 59 59 60 63 63 64 66 67 67 70 70 71 71 74 75 75 76 76 79 79 83 85 86 86 86 86 87 88 89 90 91 91 93 93 94 96 98 98 100
 1 2 7 7 7 11 12 13 13 16 3 16 17 17 17 18 21 22 24 26 27 27 27 27 28 28 28 29 30 31 32 33 34 37 37 38 39 39 40 40 41 42 43 43 46 48 48 50 50 51 51 51 51 52 53 53 57 58 58 59 59 59 59 60 63 63 64 66 67 67 70 70 71 71 74 75 75 76 76 79 79 83 85 86 86 86 86 87 88 89 90 91 91 93 93 94 96 98 98 100
 1 2 7 7 7 11 12 13 13 3 16 16 17 17 17 18 21 22 24 26 27 27 27 27 28 28 28 29 30 31 32 33 34 37 37 38 39 39 40 40 41 42 43 43 46 48 48 50 50 51 51 51 51 52 53 53 57 58 58 59 59 59 59 60 63 63 64 66 67 67 70 70 71 71 74 75 75 76 76 79 79 83 85 86 86 86 86 87 88 89 90 91 91 93 93 94 96 98 98 100
 1 2 7 7 7 11 12 13 3 13 16 16 17 17 17 18 21 22 24 26 27 27 27 27 28 28 28 29 30 31 32 33 34 37 37 38 39 39 40 40 41 42 43 43 46 48 48 50 50 51 51 51 51 52 53 53 57 58 58 59 59 59 59 60 63 63 64 66 67 67 70 70 71 71 74 75 75 76 76 79 79 83 85 86 86 86 86 87 88 89 90 91 91 93 93 94 96 98 98 100
 1 2 7 7 7 11 12 3 13 13 16 16 17 17 17 18 21 22 24 26 27 27 27 27 28 28 28 29 30 31 32 33 34 37 37 38 39 39 40 40 41 42 43 43 46 48 48 50 50 51 51 51 51 52 53 53 57 58 58 59 59 59 59 60 63 63 64 66 67 67 70 70 71 71 74 75 75 76 76 79 79 83 85 86 86 86 86 87 88 89 90 91 91 93 93 94 96 98 98 100
 1 2 7 7 7 11 3 12 13 13 16 16 17 17 17 18 21 22 24 26 27 27 27 27 28 28 28 29 30 31 32 33 34 37 37 38 39 39 40 40 41 42 43 43 46 48 48 50 50 51 51 51 51 52 53 53 57 58 58 59 59 59 59 60 63 63 64 66 67 67 70 70 71 71 74 75 75 76 76 79 79 83 85 86 86 86 86 87 88 89 90 91 91 93 93 94 96 98 98 100
 1 2 7 7 7 3 11 12 13 13 16 16 17 17 17 18 21 22 24 26 27 27 27 27 28 28 28 29 30 31 32 33 34 37 37 38 39 39 40 40 41 42 43 43 46 48 48 50 50 51 51 51 51 52 53 53 57 58 58 59 59 59 59 60 63 63 64 66 67 67 70 70 71 71 74 75 75 76 76 79 79 83 85 86 86 86 86 87 88 89 90 91 91 93 93 94 96 98 98 100
 1 2 7 7 3 7 11 12 13 13 16 16 17 17 17 18 21 22 24 26 27 27 27 27 28 28 28 29 30 31 32 33 34 37 37 38 39 39 40 40 41 42 43 43 46 48 48 50 50 51 51 51 51 52 53 53 57 58 58 59 59 59 59 60 63 63 64 66 67 67 70 70 71 71 74 75 75 76 76 79 79 83 85 86 86 86 86 87 88 89 90 91 91 93 93 94 96 98 98 100
 1 2 7 3 7 7 11 12 13 13 16 16 17 17 17 18 21 22 24 26 27 27 27 27 28 28 28 29 30 31 32 33 34 37 37 38 39 39 40 40 41 42 43 43 46 48 48 50 50 51 51 51 51 52 53 53 57 58 58 59 59 59 59 60 63 63 64 66 67 67 70 70 71 71 74 75 75 76 76 79 79 83 85 86 86 86 86 87 88 89 90 91 91 93 93 94 96 98 98 100
 1 2 3 7 7 7 11 12 13 13 16 16 17 17 17 18 21 22 24 26 27 27 27 27 28 28 28 29 30 31 32 33 34 37 37 38 39 39 40 40 41 42 43 43 46 48 48 50 50 51 51 51 51 52 53 53 57 58 58 59 59 59 59 60 63 63 64 66 67 67 70 70 71 71 74 75 75 76 76 79 79 83 85 86 86 86 86 87 88 89 90 91 91 93 93 94 96 98 98 100
 1 2 3 7 7 7 11 12 13 13 16 16 17 17 17 18 21 22 24 26 27 27 27 27 28 28 28 29 30 31 32 33 34 37 37 38 39 39 40 40 41 42 43 43 46 48 48 50 50 51 51 51 51 52 53 53 57 58 58 59 59 59 59 60 63 63 64 66 67 67 70 70 71 71 74 75 75 76 76 79 79 83 85 86 86 86 86 87 88 89 90 91 91 93 93 94 96 98 98 100
 1 2 3 7 7 7 11 12 13 13 16 16 17 17 17 18 21 22 24 26 27 27 27 27 28 28 28 29 30 31 32 33 34 37 37 38 39 39 40 40 41 42 43 43 46 48 48 50 50 51 51 51 51 52 53 53 57 58 58 59 59 59 59 60 63 63 64 66 67 67 70 70 71 71 74 75 75 76 76 79 79 83 85 86 86 86 86 87 88 89 90 91 91 93 93 94 96 98 98 100
 1 2 3 7 7 7 11 12 13 13 16 16 17 17 17 18 21 22 24 26 27 27 27 27 28 28 28 29 30 31 32 33 34 37 37 38 39 39 40 40 41 42 43 43 46 48 48 50 50 51 51 51 51 52 53 53 57 58 58 59 59 59 59 60 63 63 64 66 67 67 70 70 71 71 74 75 75 76 76 79 79 83 85 86 86 86 86 87 88 89 90 91 91 93 93 94 96 98 98 100
 1 2 3 7 7 7 11 12 13 13 16 16 17 17 17 18 21 22 24 26 27 27 27 27 28 28 28 29 30 31 32 33 34 37 37 38 39 39 40 40 41 42 43 43 46 48 48 50 50 51 51 51 51 52 53 53 57 58 58 59 59 59 59 60 63 63 64 66 67 67 70 70 71 71 74 75 75 76 76 79 79 83 85 86 86 86 86 87 88 89 90 91 91 93 93 94 96 98 98 100

1 2 3 7 7 7 11 12 13 13 16 16 17 17 17 18 21 22 24 26 27 27 27 27 28 28 28 29 30 31 32 33 34 37 37 38 39 39 40 40 41 42 43 43 46 48 48 50 50 51 51 51 51 52 53 53 57 58 58 59 59 59 59 60 63 63 64 66 67 67 70 70 71 71 74 75 75 76 76 79 79 83 85 86 86 86 86 87 88 89 90 91 91 93 93 94 96 98 98 100 

Execution time:  0.031261
paleti@paletil:~/OS_LAB/MIDSEM$ 